colors_monkeys: 
        'L': 'cornflowerblue'
        'N': 'palevioletred'
        'F': 'darkorange'
        'A': 'mediumseagreen'

colors_areas: 
        'V1': 'darkcyan'
        'V2': 'slateblue'
        'V12': 'cadetblue'
        'V4': 'indianred'
        'IT': 'sandybrown'

colors_class:
         'DOWN_narrow_shallow': 'maroon'
         'DOWN_narrow_sharp': 'red'
         'DOWN_medium_shallow': 'darkorange'
         'DOWN_medium_sharp': 'gold'
         'DOWN_wide': 'tab:blue'
         'UP': 'green'

colors_width:
        'narrow': 'tab:red'
        'medium': 'orange'
        'wide': 'tab:blue'

colors_ripple_classes:
        'LOW': 'darkblue'
        'ZERO': 'purple'
        'HIGH': 'maroon'

layout: #### with respect to the rows of the spike train
    'L': [[39,38,37,36,35,34,33,32],
            [47,46,45,44,43,42,41,40],
            [55,54,53,52,51,50,49,48],
            [63,62,61,60,59,58,57,56],
            [7,6,5,4,3,2,1,0],
            [15,14,13,12,11,10,9,8],
            [23,22,21,20,19,18,17,16],
            [31,30,29,28,27,26,25,24]]
    'N': [[39,47,55,63,7,15,23,31],
            [38,46,54,62,6,14,22,30],
            [37,45,53,61,5,13,21,29],
            [36,44,52,60,4,12,20,28],
            [35,43,51,59,3,11,19,27],
            [34,42,50,58,2,10,18,26],
            [33,41,49,57,1,9,17,25],
            [32,40,48,56,0,8,16,24]]
    'F': [[39,47,55,63,7,15,23,31], ### the same as in N
            [38,46,54,62,6,14,22,30],
            [37,45,53,61,5,13,21,29],
            [36,44,52,60,4,12,20,28],
            [35,43,51,59,3,11,19,27],
            [34,42,50,58,2,10,18,26],
            [33,41,49,57,1,9,17,25],
            [32,40,48,56,0,8,16,24]]
    'A': [[39,38,37,36,35,34,33,32], ### assumed the same as L
            [47,46,45,44,43,42,41,40],
            [55,54,53,52,51,50,49,48],
            [63,62,61,60,59,58,57,56],
            [7,6,5,4,3,2,1,0],
            [15,14,13,12,11,10,9,8],
            [23,22,21,20,19,18,17,16],
            [31,30,29,28,27,26,25,24]]